Line: "V" 4 1 (-0.000001,2.500000) (0.000000,4.250000)
Line: "V" 4 1 (0.000000,4.250000) (0.000004,4.250000)
Line: "V" 4 1 (0.000004,4.250000) (0.000005,2.500000)
Line: "V" 4 1 (0.000005,2.500000) (0.000004,0.750000)
Line: "V" 4 1 (0.000004,0.750000) (0.000000,0.750000)
Line: "V" 4 1 (0.000000,0.750000) (-0.000001,2.500000)
Line: "V" 4 1 (0.000008,2.500000) (0.000009,4.250000)
Line: "V" 4 1 (0.000009,4.250000) (0.000013,4.250000)
Line: "V" 4 1 (0.000013,4.250000) (0.000014,2.500000)
Line: "V" 4 1 (0.000014,2.500000) (0.000013,0.750000)
Line: "V" 4 1 (0.000013,0.750000) (0.000009,0.750000)
Line: "V" 4 1 (0.000009,0.750000) (0.000008,2.500000)
Line: "V" 4 1 (0.000017,2.500000) (0.000018,4.250000)
Line: "V" 4 1 (0.000018,4.250000) (0.000022,4.250000)
Line: "V" 4 1 (0.000022,4.250000) (0.000023,2.500000)
Line: "V" 4 1 (0.000023,2.500000) (0.000022,0.750000)
Line: "V" 4 1 (0.000022,0.750000) (0.000018,0.750000)
Line: "V" 4 1 (0.000018,0.750000) (0.000017,2.500000)
Line: "V" 4 1 (0.000000,5.500000) (0.000017,5.500000)
Line: "V" 4 1 (0.000000,-0.500000) (0.000017,-0.500000)
